Action_Label,closing
Fs_Hz,250
Total_Samples,1250

Sample_Index,Raw_EMG,Envelope
0,534.0,534.3333333333334
1,517.0,534.3
2,464.0,534.3666666666667
3,497.0,534.3
4,529.0,534.3666666666667
5,536.0,534.3666666666667
6,523.0,534.4
7,467.0,534.6
8,494.0,534.8
9,526.0,534.5333333333333
10,537.0,534.4666666666667
11,515.0,534.3666666666667
12,464.0,534.3666666666667
13,494.0,534.2333333333333
14,529.0,534.3
15,539.0,534.4
16,522.0,534.5
17,465.0,534.4333333333333
18,496.0,534.4
19,529.0,534.3
20,535.0,534.1333333333333
21,516.0,533.9666666666667
22,466.0,533.8666666666667
23,497.0,533.5666666666667
24,531.0,533.9333333333333
25,539.0,534.1666666666666
26,522.0,534.2666666666667
27,470.0,534.1
28,495.0,534.1333333333333
29,530.0,534.2666666666667
30,537.0,534.3666666666667
31,519.0,534.4333333333333
32,468.0,534.3
33,494.0,534.4
34,528.0,534.3666666666667
35,539.0,534.4666666666667
36,521.0,534.4
37,470.0,534.3
38,497.0,534.2
39,532.0,534.4
40,540.0,534.5
41,520.0,534.6666666666666
42,463.0,534.7
43,491.0,534.8
44,527.0,534.7333333333333
45,539.0,534.7333333333333
46,524.0,534.8
47,468.0,534.7
48,493.0,534.8
49,527.0,534.7333333333333
50,542.0,534.9666666666667
51,526.0,535.3
52,469.0,535.2
53,494.0,535.3
54,531.0,535.3
55,540.0,535.3333333333334
56,519.0,535.2333333333333
57,465.0,535.4
58,495.0,535.4
59,529.0,535.3666666666667
60,538.0,535.4
61,523.0,535.5333333333333
62,472.0,535.4
63,497.0,535.3
64,531.0,535.4
65,542.0,535.5
66,524.0,535.6
67,466.0,535.7333333333333
68,493.0,535.8666666666667
69,529.0,535.7666666666667
70,536.0,535.6333333333333
71,519.0,535.6
72,471.0,535.3333333333334
73,496.0,535.1666666666666
74,534.0,535.4
75,542.0,535.5
76,526.0,535.5666666666667
77,469.0,535.5333333333333
78,499.0,535.3333333333334
79,536.0,535.6333333333333
80,541.0,535.6
81,519.0,535.3666666666667
82,466.0,535.4666666666667
83,497.0,535.3666666666667
84,533.0,535.4333333333333
85,542.0,535.5
86,527.0,535.7666666666667
87,477.0,535.3666666666667
88,498.0,535.2666666666667
89,534.0,535.4333333333333
90,542.0,535.5666666666667
91,521.0,535.5
92,463.0,535.8
93,496.0,535.8333333333334
94,533.0,535.9
95,541.0,535.8666666666667
96,521.0,535.7666666666667
97,467.0,535.7333333333333
98,494.0,535.7
99,526.0,535.6
100,535.0,535.5666666666667
101,520.0,535.6
102,467.0,535.7333333333333
103,497.0,535.7
104,535.0,535.7333333333333
105,541.0,535.7
106,521.0,535.5333333333333
107,466.0,535.6333333333333
108,496.0,535.7333333333333
109,533.0,535.6333333333333
110,541.0,535.6333333333333
111,524.0,535.8
112,465.0,535.8333333333334
113,493.0,535.9666666666667
114,530.0,535.8666666666667
115,538.0,535.7333333333333
116,518.0,535.4333333333333
117,468.0,535.7333333333333
118,492.0,535.9333333333333
119,526.0,535.6666666666666
120,543.0,535.7
121,524.0,535.8
122,473.0,535.4666666666667
123,496.0,535.4666666666667
124,531.0,535.4
125,539.0,535.3333333333334
126,518.0,535.2333333333333
127,472.0,535.0666666666667
128,504.0,534.7333333333333
129,539.0,535.1666666666666
130,543.0,535.4333333333333
131,525.0,535.6
132,470.0,535.5
133,497.0,535.5
134,531.0,535.3666666666667
135,542.0,535.4
136,524.0,535.5
137,472.0,535.3
138,498.0,535.2333333333333
139,530.0,535.1333333333333
140,541.0,535.1333333333333
141,524.0,535.1333333333333
142,470.0,534.9666666666667
143,496.0,534.8666666666667
144,536.0,535.0666666666667
145,547.0,535.3666666666667
146,526.0,535.6333333333333
147,471.0,535.5333333333333
148,498.0,535.3333333333334
149,533.0,535.5666666666667
150,543.0,535.5666666666667
151,521.0,535.4666666666667
152,467.0,535.6666666666666
153,494.0,535.7333333333333
154,527.0,535.6
155,536.0,535.5
156,524.0,535.7
157,462.0,536.0333333333333
158,488.0,536.5666666666667
159,525.0,536.1
160,541.0,536.0333333333333
161,523.0,535.9666666666667
162,470.0,535.9666666666667
163,497.0,535.9666666666667
164,531.0,535.9666666666667
165,542.0,535.9666666666667
166,522.0,535.9
167,473.0,535.8666666666667
168,499.0,535.8333333333334
169,537.0,536.0666666666667
170,543.0,536.1333333333333
171,529.0,536.3
172,473.0,536.2
173,502.0,536.0
174,538.0,536.0666666666667
175,543.0,535.9333333333333
176,522.0,535.8
177,472.0,535.7666666666667
178,498.0,535.7666666666667
179,532.0,535.7333333333333
180,543.0,535.7333333333333
181,523.0,535.8
182,470.0,535.7
183,496.0,535.6333333333333
184,529.0,535.7
185,539.0,535.8
186,523.0,535.7666666666667
187,470.0,535.5
188,498.0,535.1666666666666
189,532.0,535.4
190,539.0,535.3333333333334
191,524.0,535.3666666666667
192,466.0,535.5
193,490.0,535.7333333333333
194,527.0,535.6
195,538.0,535.4666666666667
196,522.0,535.4666666666667
197,469.0,535.6
198,494.0,535.7666666666667
199,529.0,535.5
200,538.0,535.3333333333334
201,522.0,535.1
202,465.0,535.3666666666667
203,493.0,535.6666666666666
204,532.0,535.4666666666667
205,544.0,535.5
206,524.0,535.5666666666667
207,469.0,535.6666666666666
208,495.0,535.7666666666667
209,530.0,535.7
210,542.0,535.6666666666666
211,520.0,535.5666666666667
212,470.0,535.5666666666667
213,494.0,535.6333333333333
214,525.0,535.5
215,538.0,535.4666666666667
216,524.0,535.5
217,469.0,535.5333333333333
218,496.0,535.6
219,532.0,535.6
220,541.0,535.6666666666666
221,523.0,535.6333333333333
222,470.0,535.5
223,496.0,535.3
224,529.0,535.3666666666667
225,539.0,535.4
226,520.0,535.3333333333334
227,471.0,535.2666666666667
228,497.0,535.1666666666666
229,532.0,535.2666666666667
230,543.0,535.4333333333333
231,522.0,535.4333333333333
232,468.0,535.3333333333334
233,494.0,535.3
234,529.0,535.2
235,537.0,534.9666666666667
236,514.0,534.6333333333333
237,463.0,534.8333333333334
238,494.0,534.8666666666667
239,530.0,534.8666666666667
240,536.0,534.6666666666666
241,524.0,534.8
242,469.0,534.8333333333334
243,493.0,534.8666666666667
244,528.0,534.9666666666667
245,544.0,535.1666666666666
246,521.0,535.0666666666667
247,465.0,535.2
248,496.0,535.2
249,528.0,535.0666666666667
250,537.0,534.9333333333333
251,524.0,534.9666666666667
252,467.0,535.0666666666667
253,497.0,535.0333333333333
254,530.0,535.0666666666667
255,540.0,535.1
256,519.0,535.0666666666667
257,467.0,535.2
258,499.0,535.1333333333333
259,537.0,535.3
260,545.0,535.3666666666667
261,527.0,535.5333333333333
262,470.0,535.4666666666667
263,499.0,535.3
264,533.0,535.4333333333333
265,542.0,535.6
266,521.0,535.8333333333334
267,467.0,535.7
268,495.0,535.6666666666666
269,534.0,535.8
270,539.0,535.9
271,517.0,535.6666666666666
272,468.0,535.7
273,497.0,535.5666666666667
274,530.0,535.6333333333333
275,537.0,535.4
276,516.0,535.2333333333333
277,468.0,535.1333333333333
278,495.0,535.1666666666666
279,524.0,535.0333333333333
280,539.0,535.1
281,528.0,535.2333333333333
282,475.0,534.9666666666667
283,504.0,534.7333333333333
284,537.0,534.9666666666667
285,543.0,535.0666666666667
286,524.0,535.2333333333333
287,469.0,535.1666666666666
288,498.0,535.2
289,534.0,535.1
290,542.0,535.0
291,523.0,534.8666666666667
292,469.0,534.9
293,498.0,534.9333333333333
294,533.0,534.9333333333333
295,542.0,534.9333333333333
296,523.0,535.0
297,471.0,534.8666666666667
298,496.0,534.8333333333334
299,530.0,534.7
300,538.0,534.6666666666666
301,520.0,534.7666666666667
302,465.0,534.8666666666667
303,492.0,535.0333333333333
304,524.0,534.8333333333334
305,537.0,534.8333333333334
306,523.0,535.0666666666667
307,465.0,535.1666666666666
308,493.0,535.2333333333333
309,530.0,535.4333333333333
310,536.0,535.3333333333334
311,512.0,534.8
312,449.0,535.6666666666666
313,486.0,536.2666666666667
314,536.0,536.2333333333333
315,544.0,536.2666666666667
316,524.0,536.2666666666667
317,471.0,536.2
318,501.0,536.1
319,536.0,536.1666666666666
320,548.0,536.3666666666667
321,523.0,536.3666666666667
322,469.0,536.3666666666667
323,496.0,536.4333333333333
324,523.0,536.1
325,533.0,535.8
326,513.0,535.4666666666667
327,453.0,536.0666666666667
328,468.0,537.0
329,513.0,536.4333333333333
330,547.0,536.7333333333333
331,535.0,537.2333333333333
332,475.0,536.9
333,496.0,536.7666666666667
334,523.0,536.7333333333333
335,539.0,536.8
336,524.0,536.8333333333334
337,469.0,536.7
338,493.0,536.7
339,524.0,536.5
340,536.0,536.5
341,518.0,536.7
342,465.0,536.1666666666666
343,492.0,535.9666666666667
344,514.0,535.2333333333333
345,538.0,535.0333333333333
346,521.0,534.9333333333333
347,469.0,535.0
348,498.0,535.1
349,531.0,534.9333333333333
350,539.0,534.6333333333333
351,520.0,534.5333333333333
352,464.0,534.7
353,490.0,534.9
354,527.0,535.0333333333333
355,536.0,535.1333333333333
356,514.0,535.1666666666666
357,461.0,534.9
358,490.0,534.1666666666666
359,526.0,534.6
360,533.0,534.1333333333333
361,520.0,533.6333333333333
362,465.0,533.9666666666667
363,488.0,534.2333333333333
364,524.0,534.2666666666667
365,539.0,534.2666666666667
366,509.0,533.9666666666667
367,459.0,534.3
368,488.0,534.4666666666667
369,518.0,534.2666666666667
370,516.0,533.6
371,499.0,533.8333333333334
372,455.0,534.1666666666666
373,472.0,534.8333333333334
374,479.0,535.8666666666667
375,499.0,535.4333333333333
376,505.0,535.3666666666667
377,465.0,535.5
378,474.0,536.3
379,477.0,536.8333333333334
380,506.0,536.1333333333333
381,495.0,536.4333333333333
382,415.0,538.0666666666667
383,429.0,540.1
384,493.0,540.2333333333333
385,482.0,540.4333333333333
386,421.0,543.4
387,359.0,546.8
388,350.0,551.4666666666667
389,399.0,554.7666666666667
390,470.0,555.4666666666667
391,427.0,558.0333333333333
392,214.0,566.4
393,297.0,572.7666666666667
394,399.0,576.1333333333333
395,336.0,581.1
396,555.0,582.4333333333334
397,468.0,582.1333333333333
398,331.0,587.3666666666667
399,396.0,591.0333333333333
400,333.0,596.8666666666667
401,418.0,599.5666666666666
402,511.0,597.7
403,314.0,602.9666666666667
404,404.0,605.4666666666667
405,716.0,611.8333333333334
406,673.0,616.9666666666667
407,497.0,615.9
408,389.0,618.7333333333333
409,469.0,619.0
410,676.0,624.2666666666667
411,525.0,624.1333333333333
412,709.0,627.4666666666667
413,726.0,631.8333333333334
414,519.0,631.4333333333334
415,371.0,635.1333333333333
416,640.0,636.3666666666667
417,657.0,636.1
418,442.0,633.0333333333333
419,549.0,630.5
420,448.0,631.2333333333333
421,472.0,629.7333333333333
422,477.0,620.9666666666667
423,585.0,616.2333333333333
424,557.0,613.9666666666667
425,366.0,612.9666666666667
426,611.0,614.8333333333334
427,572.0,615.3666666666667
428,612.0,612.6666666666666
429,570.0,610.7333333333333
430,612.0,608.1
431,493.0,605.6
432,367.0,610.4
433,592.0,606.4666666666667
434,692.0,608.8666666666667
435,542.0,603.0666666666666
436,565.0,599.4666666666667
437,464.0,600.5666666666666
438,497.0,596.9666666666667
439,523.0,595.9
440,778.0,599.3
441,721.0,605.8333333333334
442,573.0,601.3
443,375.0,598.7333333333333
444,336.0,604.3666666666667
445,761.0,607.9666666666667
446,695.0,609.8
447,477.0,606.1333333333333
448,589.0,606.3666666666667
449,518.0,605.3333333333334
450,368.0,608.0
451,746.0,614.4666666666667
452,685.0,619.0666666666666
453,434.0,619.2333333333333
454,452.0,619.7333333333333
455,725.0,621.9666666666667
456,783.0,627.7
457,409.0,629.1333333333333
458,431.0,628.5
459,666.0,631.7
460,665.0,633.4666666666667
461,676.0,638.3
462,645.0,637.9
463,578.0,637.4333333333334
464,419.0,634.5333333333333
465,332.0,639.5333333333333
466,593.0,640.4666666666667
467,538.0,639.7333333333333
468,482.0,640.2333333333333
469,713.0,646.5666666666666
470,600.0,640.6333333333333
471,605.0,636.7666666666667
472,499.0,635.1666666666666
473,420.0,633.6666666666666
474,538.0,628.6666666666666
475,610.0,623.6333333333333
476,390.0,621.6
477,558.0,621.9666666666667
478,758.0,627.6
479,484.0,628.3333333333334
480,473.0,624.8333333333334
481,542.0,618.0333333333333
482,669.0,617.5
483,626.0,618.7
484,620.0,620.3
485,679.0,618.7666666666667
486,674.0,615.1333333333333
487,297.0,618.8666666666667
488,582.0,618.5
489,729.0,620.6
490,644.0,619.9
491,598.0,617.3
492,552.0,614.2
493,377.0,616.5
494,566.0,615.2
495,616.0,612.6666666666666
496,541.0,610.9333333333334
497,562.0,611.7333333333333
498,610.0,614.0
499,550.0,608.5666666666666
500,245.0,614.5333333333333
501,643.0,615.8
502,716.0,622.1666666666666
503,611.0,622.4
504,443.0,623.8333333333334
505,588.0,623.1
506,432.0,621.7
507,371.0,624.8666666666667
508,594.0,619.4
509,674.0,623.8666666666667
510,522.0,622.9
511,431.0,624.6
512,518.0,619.5666666666666
513,373.0,620.4
514,550.0,618.0666666666666
515,656.0,617.3
516,590.0,614.5
517,405.0,610.9
518,433.0,611.2
519,635.0,608.0666666666666
520,609.0,606.9
521,354.0,609.3
522,450.0,610.0333333333333
523,602.0,608.5333333333333
524,542.0,607.7333333333333
525,635.0,608.3666666666667
526,535.0,608.1666666666666
527,412.0,609.8333333333334
528,432.0,609.2333333333333
529,497.0,608.4666666666667
530,574.0,601.6333333333333
531,414.0,600.5333333333333
532,514.0,593.8
533,551.0,591.8
534,593.0,592.2
535,568.0,591.5333333333333
536,492.0,589.5333333333333
537,362.0,589.8333333333334
538,283.0,594.7333333333333
539,516.0,589.4666666666667
540,607.0,592.3
541,592.0,592.2666666666667
542,465.0,593.6333333333333
543,448.0,591.1333333333333
544,581.0,592.1666666666666
545,493.0,588.0
546,359.0,590.5
547,402.0,590.6
548,549.0,589.2
549,571.0,587.0666666666666
550,478.0,584.9666666666667
551,477.0,580.8666666666667
552,461.0,580.5
553,494.0,578.1
554,492.0,577.7666666666667
555,535.0,574.4333333333333
556,404.0,577.2666666666667
557,340.0,579.6666666666666
558,527.0,577.5
559,550.0,578.2666666666667
560,551.0,577.5
561,513.0,574.2666666666667
562,448.0,576.3333333333334
563,468.0,576.5
564,505.0,574.0333333333333
565,534.0,572.9
566,492.0,572.9
567,354.0,573.1666666666666
568,423.0,568.5
569,535.0,569.1333333333333
570,517.0,566.1333333333333
571,480.0,564.5333333333333
572,474.0,564.2333333333333
573,502.0,562.4333333333333
574,520.0,560.4
575,478.0,560.9
576,442.0,558.1333333333333
577,454.0,556.4
578,508.0,555.3
579,514.0,553.4
580,474.0,553.5333333333333
581,473.0,553.6666666666666
582,461.0,553.6666666666666
583,486.0,553.9333333333333
584,466.0,554.8
585,467.0,555.5333333333333
586,532.0,552.6
587,471.0,548.2333333333333
588,491.0,548.4333333333333
589,485.0,548.0666666666667
590,476.0,547.9666666666667
591,529.0,548.5
592,486.0,547.2333333333333
593,496.0,546.3
594,522.0,546.4
595,492.0,546.3333333333334
596,477.0,546.8333333333334
597,456.0,543.4333333333333
598,468.0,541.9333333333333
599,509.0,541.2666666666667
600,511.0,541.1333333333333
601,487.0,540.9
602,427.0,542.4666666666667
603,443.0,544.4333333333333
604,487.0,545.0
605,525.0,544.3
606,510.0,542.0333333333333
607,428.0,542.9
608,425.0,545.6666666666666
609,481.0,546.6333333333333
610,532.0,546.0333333333333
611,527.0,545.2333333333333
612,454.0,545.4666666666667
613,465.0,546.1666666666666
614,495.0,545.2
615,528.0,544.2333333333333
616,507.0,543.7333333333333
617,445.0,544.6
618,422.0,546.9
619,448.0,548.1333333333333
620,564.0,548.6666666666666
621,554.0,549.5
622,464.0,550.2333333333333
623,477.0,550.8666666666667
624,521.0,550.8333333333334
625,522.0,550.5
626,495.0,549.9
627,428.0,550.8333333333334
628,453.0,551.3333333333334
629,496.0,551.7666666666667
630,485.0,552.6333333333333
631,439.0,554.2333333333333
632,440.0,553.8
633,504.0,551.7666666666667
634,529.0,551.5
635,504.0,551.3333333333334
636,475.0,552.5
637,458.0,551.5
638,491.0,549.3
639,515.0,548.3666666666667
640,516.0,547.8333333333334
641,470.0,548.7333333333333
642,416.0,550.0
643,442.0,550.7666666666667
644,501.0,550.5666666666667
645,542.0,551.0333333333333
646,519.0,551.1
647,445.0,551.1
648,433.0,550.7333333333333
649,502.0,548.9333333333333
650,530.0,547.8
651,496.0,546.9333333333333
652,439.0,547.7666666666667
653,465.0,548.1666666666666
654,504.0,548.1333333333333
655,518.0,548.0
656,500.0,547.8333333333334
657,424.0,547.9666666666667
658,446.0,548.2
659,483.0,548.6333333333333
660,506.0,547.9333333333333
661,518.0,545.7
662,431.0,546.0
663,438.0,548.2
664,509.0,547.7333333333333
665,542.0,548.4666666666667
666,527.0,547.7333333333333
667,456.0,547.8
668,470.0,548.5
669,496.0,548.9333333333333
670,490.0,549.5333333333333
671,498.0,548.6
672,460.0,547.1333333333333
673,484.0,545.7333333333333
674,499.0,545.8
675,471.0,546.1666666666666
676,492.0,546.6
677,482.0,545.3666666666667
678,493.0,543.3666666666667
679,511.0,543.0666666666667
680,521.0,542.7666666666667
681,514.0,542.3
682,449.0,541.9666666666667
683,491.0,541.1
684,520.0,541.1
685,530.0,541.5
686,507.0,541.2666666666667
687,464.0,539.9333333333333
688,492.0,538.4
689,527.0,537.9333333333333
690,527.0,538.2333333333333
691,494.0,538.6333333333333
692,416.0,539.1333333333333
693,428.0,539.4666666666667
694,517.0,539.5333333333333
695,556.0,540.0
696,541.0,540.4666666666667
697,470.0,540.0
698,463.0,540.2333333333333
699,525.0,540.1333333333333
700,543.0,540.4333333333333
701,525.0,540.4
702,456.0,540.5333333333333
703,487.0,540.4333333333333
704,530.0,540.6
705,538.0,540.1
706,499.0,539.8666666666667
707,447.0,541.0333333333333
708,488.0,541.2
709,536.0,541.9666666666667
710,535.0,542.4333333333333
711,506.0,542.5666666666667
712,441.0,542.8333333333334
713,496.0,542.6666666666666
714,544.0,543.4666666666667
715,554.0,544.2666666666667
716,524.0,544.5
717,455.0,544.8
718,472.0,545.4666666666667
719,524.0,545.3666666666667
720,544.0,545.9333333333333
721,518.0,545.5333333333333
722,455.0,544.2333333333333
723,488.0,542.2333333333333
724,507.0,542.2333333333333
725,534.0,541.5
726,512.0,540.5333333333333
727,450.0,541.2
728,500.0,539.9666666666667
729,551.0,540.8333333333334
730,559.0,541.3666666666667
731,520.0,541.2
732,459.0,541.1
733,507.0,540.4333333333333
734,533.0,540.5333333333333
735,529.0,540.2333333333333
736,504.0,540.0666666666667
737,463.0,539.5333333333333
738,510.0,538.8
739,548.0,539.2
740,548.0,539.6333333333333
741,518.0,539.6333333333333
742,453.0,539.2333333333333
743,481.0,539.7333333333333
744,532.0,539.3333333333334
745,531.0,538.5666666666667
746,491.0,538.8666666666667
747,458.0,538.7666666666667
748,516.0,537.5666666666667
749,549.0,538.4
750,547.0,538.5
751,507.0,538.4666666666667
752,451.0,538.6
753,500.0,538.2
754,525.0,538.4666666666667
755,547.0,538.9
756,536.0,539.7
757,486.0,538.5
758,515.0,538.2
759,541.0,537.8666666666667
760,541.0,537.2666666666667
761,521.0,537.3
762,476.0,536.7333333333333
763,505.0,536.8
764,525.0,536.5333333333333
765,531.0,536.6
766,525.0,536.7666666666667
767,474.0,536.4
768,507.0,536.5
769,546.0,536.4333333333333
770,538.0,536.1
771,504.0,536.1666666666666
772,476.0,535.4
773,500.0,534.7666666666667
774,542.0,535.1
775,550.0,535.7333333333333
776,534.0,535.7666666666667
777,476.0,535.1666666666666
778,493.0,535.6666666666666
779,527.0,534.9333333333333
780,534.0,534.5
781,513.0,534.3666666666667
782,475.0,533.5666666666667
783,502.0,533.5
784,540.0,534.0
785,544.0,533.9
786,542.0,534.1
787,482.0,534.2333333333333
788,510.0,534.2
789,548.0,534.4333333333333
790,550.0,534.7333333333333
791,526.0,534.9
792,475.0,534.9333333333333
793,498.0,535.1666666666666
794,530.0,535.3333333333334
795,551.0,536.0
796,528.0,536.1
797,477.0,536.0
798,503.0,536.1333333333333
799,527.0,535.5
800,549.0,535.8666666666667
801,536.0,536.4
802,473.0,536.5
803,497.0,536.6
804,523.0,535.9666666666667
805,551.0,536.0
806,534.0,536.0
807,470.0,536.2
808,485.0,536.4666666666667
809,549.0,537.2
810,562.0,538.1333333333333
811,533.0,538.8
812,476.0,538.7666666666667
813,511.0,538.4666666666667
814,544.0,538.6
815,547.0,538.7
816,516.0,537.8333333333334
817,465.0,538.4
818,498.0,538.8
819,527.0,538.1
820,533.0,537.5333333333333
821,521.0,537.3666666666667
822,476.0,537.3333333333334
823,506.0,537.0666666666667
824,548.0,537.6666666666666
825,557.0,537.8666666666667
826,536.0,538.1333333333333
827,463.0,538.6
828,491.0,539.0
829,549.0,539.7333333333333
830,564.0,540.2333333333333
831,533.0,540.1333333333333
832,474.0,540.1
833,504.0,539.8666666666667
834,534.0,540.2333333333333
835,536.0,539.7333333333333
836,526.0,539.4666666666667
837,477.0,539.2333333333333
838,503.0,538.6333333333333
839,538.0,538.2666666666667
840,549.0,537.8333333333334
841,533.0,537.8333333333334
842,473.0,537.9333333333333
843,503.0,538.2
844,537.0,537.9666666666667
845,545.0,537.9
846,520.0,538.0333333333333
847,469.0,537.9
848,497.0,537.9333333333333
849,531.0,538.0666666666667
850,539.0,538.2666666666667
851,519.0,538.2
852,469.0,538.4333333333333
853,504.0,538.5
854,535.0,538.0666666666667
855,536.0,537.3666666666667
856,521.0,536.8666666666667
857,468.0,536.7
858,495.0,536.5666666666667
859,530.0,535.9333333333333
860,528.0,534.7333333333333
861,518.0,534.2333333333333
862,481.0,534.0
863,511.0,533.7666666666667
864,534.0,533.7666666666667
865,538.0,533.8333333333334
866,538.0,534.2333333333333
867,478.0,534.2
868,504.0,534.1666666666666
869,540.0,534.2333333333333
870,550.0,534.2666666666667
871,533.0,534.2666666666667
872,483.0,533.9333333333333
873,508.0,533.7666666666667
874,531.0,533.5666666666667
875,537.0,533.3
876,526.0,533.5
877,479.0,533.1666666666666
878,503.0,532.9666666666667
879,543.0,533.3666666666667
880,561.0,534.1
881,537.0,534.7
882,476.0,534.4666666666667
883,499.0,534.6333333333333
884,535.0,534.6333333333333
885,556.0,535.3
886,535.0,535.7666666666667
887,482.0,535.3
888,516.0,534.8666666666667
889,548.0,535.4666666666667
890,552.0,536.2666666666667
891,540.0,537.0
892,486.0,536.8333333333334
893,514.0,536.8666666666667
894,541.0,537.1
895,548.0,537.4333333333333
896,532.0,537.2333333333333
897,479.0,537.2
898,503.0,537.2333333333333
899,528.0,536.8333333333334
900,555.0,537.0
901,537.0,537.1333333333333
902,483.0,537.1333333333333
903,512.0,537.0
904,547.0,537.5333333333333
905,543.0,537.7333333333333
906,526.0,537.7333333333333
907,470.0,538.0333333333333
908,501.0,538.1
909,524.0,537.4666666666667
910,523.0,536.2
911,513.0,535.4
912,482.0,535.2
913,529.0,535.3333333333334
914,559.0,536.1333333333333
915,553.0,536.0333333333333
916,527.0,535.7666666666667
917,480.0,535.8333333333334
918,502.0,536.0333333333333
919,546.0,535.9666666666667
920,541.0,535.6
921,517.0,534.8333333333334
922,487.0,534.8
923,517.0,534.9
924,544.0,535.0
925,546.0,534.9333333333333
926,520.0,534.5333333333333
927,473.0,534.7333333333333
928,508.0,534.5666666666667
929,526.0,534.5
930,532.0,533.7333333333333
931,546.0,534.0333333333333
932,489.0,533.8333333333334
933,506.0,534.0333333333333
934,532.0,533.5333333333333
935,549.0,533.7333333333333
936,529.0,533.8333333333334
937,478.0,533.5666666666667
938,506.0,533.4
939,535.0,533.7666666666667
940,550.0,534.6666666666666
941,534.0,535.3666666666667
942,477.0,535.5333333333333
943,509.0,535.0666666666667
944,538.0,534.3666666666667
945,523.0,533.3666666666667
946,509.0,532.9666666666667
947,487.0,532.7333333333333
948,510.0,532.4666666666667
949,555.0,532.7666666666667
950,558.0,533.3333333333334
951,535.0,533.9333333333333
952,477.0,534.2666666666667
953,502.0,534.4333333333333
954,526.0,533.8333333333334
955,527.0,533.2
956,527.0,533.4333333333333
957,482.0,533.1333333333333
958,499.0,533.4333333333333
959,527.0,533.4666666666667
960,546.0,533.9333333333333
961,546.0,533.9333333333333
962,480.0,534.2333333333333
963,492.0,534.7
964,537.0,534.8666666666667
965,545.0,534.7333333333333
966,525.0,534.6
967,465.0,535.0333333333333
968,507.0,535.0
969,546.0,535.3666666666667
970,551.0,535.4
971,526.0,535.1333333333333
972,469.0,535.4
973,497.0,535.8
974,535.0,535.7
975,545.0,536.4333333333333
976,531.0,536.9666666666667
977,473.0,537.4333333333333
978,511.0,537.4
979,553.0,537.3333333333334
980,551.0,537.1
981,512.0,536.3333333333334
982,465.0,536.7333333333333
983,505.0,536.6333333333333
984,549.0,537.4
985,547.0,538.0666666666667
986,530.0,538.1666666666666
987,468.0,538.6333333333333
988,494.0,538.8
989,536.0,539.1
990,548.0,539.1666666666666
991,537.0,538.8666666666667
992,475.0,539.0333333333333
993,517.0,538.5333333333333
994,553.0,539.0666666666667
995,553.0,539.3333333333334
996,524.0,539.3
997,466.0,539.2666666666667
998,499.0,539.5333333333333
999,525.0,538.8333333333334
1000,530.0,538.1333333333333
1001,524.0,538.0666666666667
1002,478.0,537.7666666666667
1003,508.0,537.4
1004,526.0,537.1
1005,551.0,537.3
1006,536.0,537.4666666666667
1007,481.0,537.2
1008,497.0,537.6666666666666
1009,530.0,536.9
1010,525.0,536.0333333333333
1011,519.0,536.2666666666667
1012,481.0,535.7333333333333
1013,517.0,535.6666666666666
1014,549.0,535.6666666666666
1015,555.0,535.9333333333333
1016,530.0,535.9333333333333
1017,475.0,535.7
1018,492.0,535.7666666666667
1019,508.0,535.1
1020,512.0,533.9
1021,533.0,533.7666666666667
1022,491.0,533.2333333333333
1023,522.0,533.4
1024,550.0,533.3
1025,550.0,533.2
1026,523.0,533.1666666666666
1027,469.0,533.0666666666667
1028,502.0,532.9666666666667
1029,537.0,533.3666666666667
1030,523.0,533.1333333333333
1031,476.0,533.9333333333333
1032,456.0,534.6666666666666
1033,506.0,534.7333333333333
1034,550.0,535.5333333333333
1035,573.0,536.2666666666667
1036,543.0,536.5
1037,483.0,536.4333333333333
1038,495.0,536.5
1039,538.0,536.7666666666667
1040,548.0,537.5333333333333
1041,529.0,537.8666666666667
1042,481.0,537.8666666666667
1043,507.0,537.8666666666667
1044,528.0,537.1666666666666
1045,534.0,536.4666666666667
1046,519.0,536.1
1047,465.0,536.4333333333333
1048,483.0,536.7333333333333
1049,527.0,537.1
1050,550.0,538.3666666666667
1051,532.0,538.3333333333334
1052,476.0,538.8333333333334
1053,490.0,539.2333333333333
1054,490.0,538.7
1055,538.0,538.3
1056,535.0,538.7
1057,468.0,538.7333333333333
1058,498.0,538.8666666666667
1059,550.0,539.3
1060,570.0,540.8666666666667
1061,539.0,540.5666666666667
1062,488.0,539.5
1063,513.0,539.3333333333334
1064,538.0,538.9333333333333
1065,539.0,537.8
1066,511.0,536.8
1067,475.0,537.0666666666667
1068,511.0,536.5333333333333
1069,541.0,536.6333333333333
1070,535.0,536.2
1071,516.0,535.7666666666667
1072,474.0,536.0
1073,503.0,536.1333333333333
1074,524.0,536.0
1075,524.0,535.6666666666666
1076,514.0,535.5
1077,476.0,535.1333333333333
1078,509.0,534.2666666666667
1079,529.0,534.3333333333334
1080,542.0,534.0666666666667
1081,529.0,533.9666666666667
1082,472.0,534.1
1083,496.0,533.9
1084,532.0,533.8333333333334
1085,544.0,534.0333333333333
1086,511.0,533.3
1087,461.0,533.5333333333333
1088,512.0,533.0666666666667
1089,550.0,533.0666666666667
1090,547.0,532.3
1091,517.0,531.5666666666667
1092,465.0,532.3333333333334
1093,503.0,532.6
1094,537.0,532.5666666666667
1095,543.0,532.7
1096,506.0,532.8666666666667
1097,454.0,533.5666666666667
1098,493.0,534.1666666666666
1099,527.0,533.7
1100,551.0,534.2333333333333
1101,533.0,534.8
1102,479.0,534.6333333333333
1103,502.0,534.6666666666666
1104,531.0,534.9
1105,532.0,535.1666666666666
1106,498.0,535.5666666666667
1107,442.0,536.7
1108,499.0,537.0333333333333
1109,552.0,537.8
1110,552.0,538.1333333333333
1111,507.0,537.7333333333333
1112,466.0,537.9333333333333
1113,514.0,537.4666666666667
1114,545.0,537.9
1115,550.0,538.1
1116,528.0,538.6
1117,466.0,538.4333333333333
1118,496.0,538.9666666666667
1119,524.0,538.1
1120,522.0,537.2666666666667
1121,500.0,537.5
1122,473.0,537.2333333333333
1123,513.0,536.9666666666667
1124,545.0,537.2333333333333
1125,542.0,537.2
1126,505.0,537.2333333333333
1127,470.0,536.7
1128,510.0,536.1333333333333
1129,544.0,536.7
1130,541.0,536.3666666666667
1131,497.0,536.1666666666666
1132,459.0,536.8333333333334
1133,508.0,536.6333333333333
1134,529.0,536.5666666666667
1135,552.0,537.2333333333333
1136,525.0,537.2
1137,463.0,536.5
1138,499.0,536.5
1139,530.0,535.7666666666667
1140,530.0,535.0333333333333
1141,515.0,534.9666666666667
1142,459.0,535.2
1143,477.0,536.3
1144,517.0,535.3666666666667
1145,540.0,535.0333333333333
1146,519.0,534.7333333333333
1147,475.0,534.4333333333333
1148,516.0,534.0333333333333
1149,549.0,534.8666666666667
1150,546.0,535.6666666666666
1151,519.0,535.5
1152,466.0,535.7333333333333
1153,498.0,536.1666666666666
1154,532.0,535.7333333333333
1155,521.0,535.0333333333333
1156,496.0,535.3333333333334
1157,460.0,535.6666666666666
1158,505.0,535.8333333333334
1159,539.0,535.6666666666666
1160,541.0,535.6666666666666
1161,520.0,535.4333333333333
1162,469.0,535.1
1163,493.0,535.6
1164,529.0,535.6
1165,530.0,534.8666666666667
1166,506.0,534.6333333333333
1167,447.0,535.1666666666666
1168,483.0,535.7
1169,535.0,535.8666666666667
1170,553.0,536.6333333333333
1171,525.0,536.9666666666667
1172,472.0,536.5333333333333
1173,501.0,535.7333333333333
1174,537.0,536.4
1175,537.0,536.3
1176,514.0,536.1333333333333
1177,467.0,536.4
1178,492.0,536.9333333333333
1179,522.0,536.0333333333333
1180,528.0,535.4333333333333
1181,512.0,535.2
1182,473.0,534.9666666666667
1183,509.0,534.6
1184,542.0,534.9333333333333
1185,546.0,535.7666666666667
1186,521.0,535.5333333333333
1187,469.0,535.2333333333333
1188,498.0,535.4666666666667
1189,526.0,535.0333333333333
1190,527.0,534.5666666666667
1191,500.0,534.7
1192,460.0,535.0
1193,511.0,534.4
1194,545.0,534.9333333333333
1195,539.0,535.2333333333333
1196,502.0,535.3666666666667
1197,460.0,534.9333333333333
1198,495.0,534.5333333333333
1199,533.0,534.4666666666667
1200,531.0,533.7333333333333
1201,509.0,533.4
1202,468.0,533.5333333333333
1203,494.0,533.7666666666667
1204,526.0,533.4
1205,545.0,533.6666666666666
1206,520.0,533.8666666666667
1207,470.0,533.7666666666667
1208,491.0,533.8
1209,525.0,533.9
1210,533.0,534.0666666666667
1211,508.0,534.2
1212,481.0,533.9333333333333
1213,512.0,533.8333333333334
1214,540.0,533.7666666666667
1215,533.0,533.3333333333334
1216,519.0,533.2666666666667
1217,470.0,533.2333333333333
1218,486.0,533.6333333333333
1219,526.0,533.6333333333333
1220,544.0,534.2
1221,526.0,534.2666666666667
1222,479.0,533.6333333333333
1223,507.0,533.7666666666667
1224,538.0,533.5333333333333
1225,544.0,533.7
1226,520.0,533.6333333333333
1227,471.0,533.2666666666667
1228,508.0,532.8333333333334
1229,539.0,533.0333333333333
1230,542.0,533.4
1231,511.0,533.3333333333334
1232,462.0,533.5333333333333
1233,491.0,533.6333333333333
1234,532.0,533.8333333333334
1235,548.0,533.9333333333333
1236,520.0,533.9333333333333
1237,471.0,533.9
1238,499.0,533.6333333333333
1239,536.0,534.0
1240,543.0,534.3333333333334
1241,518.0,534.4
1242,472.0,534.7
1243,499.0,535.1333333333333
1244,533.0,534.9
1245,540.0,535.1333333333333
1246,509.0,535.0
1247,466.0,535.1333333333333
1248,501.0,534.6333333333333
1249,536.0,534.9666666666667
